57,21.3161893991
