90,24.5378169288
