83,22.1308417459
