85,25.471894508
