85,71.8719380919
