95,69.8185964641
