13,75.6789044601
