17,72.8733767244
