54,26.2924842074
