19,28.4474453012
