38,79.0128773783
